// entity 0
{
"classname" "worldspawn"
// brush 0
{
( 0 256 4 ) ( 0 0 4 ) ( 0 0 -4 ) tex_nature/grass001 0 0 0 0.5 0.5 65280 0 0
( 256 0 4 ) ( 256 256 4 ) ( 256 256 -4 ) tex_nature/grass001 0 0 0 0.5 0.5 65280 0 0
( 0 0 4 ) ( 256 0 4 ) ( 256 0 -4 ) tex_nature/grass001 0 0 0 0.5 0.5 65280 0 0
( 256 256 4 ) ( 0 256 4 ) ( 0 256 -4 ) tex_nature/grass001 0 0 0 0.5 0.5 65280 0 0
( 1184 384 0 ) ( 1216 384 0 ) ( 1184 416 0 ) tex_common/nodraw 0 0 0 0.5 0.5 65280 128 0
( 0 0 4 ) ( 0 256 4 ) ( 256 256 4 ) tex_nature/grass001 0 0 0 0.5 0.5 65280 0 0
}
// brush 1
{
( 156 2 44 ) ( 156 -10 44 ) ( 156 -10 40 ) tex_common/weaponclip 8 4 0 1 1 33554432 0 0
( 164 -10 44 ) ( 164 2 44 ) ( 164 2 40 ) tex_common/weaponclip 8 12 0 1 1 33554432 0 0
( -24 156 0 ) ( -24 156 2 ) ( 8 156 0 ) tex_common/weaponclip 40 12 0 1 1 33554432 0 0
( 26 164 2 ) ( -6 164 2 ) ( 26 164 0 ) tex_common/weaponclip 38 12 0 1 1 33554432 0 0
( 1200 368 0 ) ( 1232 368 0 ) ( 1200 400 0 ) tex_common/weaponclip 32 0 0 1 1 33554432 0 0
( 16 178 74 ) ( 16 144 74 ) ( -16 178 74 ) tex_common/weaponclip 32 0 0 1 1 33554432 0 0
}
// brush 2
{
( 156 2 44 ) ( 156 -10 44 ) ( 156 -10 40 ) tex_common/nodraw 8 4 0 1 1 0 128 0
( 164 -10 44 ) ( 164 2 44 ) ( 164 2 40 ) tex_common/nodraw 8 12 0 1 1 0 128 0
( -24 156 0 ) ( -24 156 2 ) ( 8 156 0 ) tex_common/nodraw 40 12 0 1 1 0 128 0
( 26 164 2 ) ( -6 164 2 ) ( 26 164 0 ) tex_common/nodraw 38 12 0 1 1 0 128 0
( 1200 368 0 ) ( 1232 368 0 ) ( 1200 400 0 ) tex_common/nodraw 32 0 0 1 1 0 128 0
( 16 178 74 ) ( 16 144 74 ) ( -16 178 74 ) tex_common/nodraw 32 0 0 1 1 0 128 0
}
// brush 3
{
( 128 128 4 ) ( 192 128 4 ) ( 192 192 4 ) tex_common/lightclip 0 0 0 0.25 0.25 589568 0 0
( 189.5 125.5 4 ) ( 160 160 84 ) ( 194.5 130.5 4 ) tex_common/lightclip 0 0 0 0.25 0.25 589568 0 0
( 194.5 130.5 4 ) ( 160 160 84 ) ( 201.625 141.375 4 ) tex_common/lightclip 0 0 0 0.25 0.25 589568 0 0
( 201.625 141.375 4 ) ( 160 160 84 ) ( 203.875 146.75 4 ) tex_common/lightclip 0 0 0 0.25 0.25 589568 0 0
( 203.875 146.75 4 ) ( 160 160 84 ) ( 205.75 160 4 ) tex_common/lightclip 0 0 0 0.25 0.25 589568 0 0
( 205.75 160 4 ) ( 160 160 84 ) ( 205.375 167 4 ) tex_common/lightclip 0 0 0 0.25 0.25 589568 0 0
( 205.375 167 4 ) ( 160 160 84 ) ( 203.375 174.375 4 ) tex_common/lightclip 0 0 0 0.25 0.25 589568 0 0
( 203.375 174.375 4 ) ( 160 160 84 ) ( 197 186.625 4 ) tex_common/lightclip 0 0 0 0.25 0.25 589568 0 0
( 197 186.625 4 ) ( 160 160 84 ) ( 192.375 192.375 4 ) tex_common/lightclip 0 0 0 0.25 0.25 589568 0 0
( 192.375 192.375 4 ) ( 160 160 84 ) ( 186.625 197 4 ) tex_common/lightclip 0 0 0 0.25 0.25 589568 0 0
( 186.625 197 4 ) ( 160 160 84 ) ( 174.375 203.375 4 ) tex_common/lightclip 0 0 0 0.25 0.25 589568 0 0
( 174.375 203.375 4 ) ( 160 160 84 ) ( 167 205.375 4 ) tex_common/lightclip 0 0 0 0.25 0.25 589568 0 0
( 167 205.375 4 ) ( 160 160 84 ) ( 160 205.75 4 ) tex_common/lightclip 0 0 0 0.25 0.25 589568 0 0
( 160 205.75 4 ) ( 160 160 84 ) ( 146.75 203.875 4 ) tex_common/lightclip 0 0 0 0.25 0.25 589568 0 0
( 146.75 203.875 4 ) ( 160 160 84 ) ( 141.375 201.625 4 ) tex_common/lightclip 0 0 0 0.25 0.25 589568 0 0
( 141.375 201.625 4 ) ( 160 160 84 ) ( 130.5 194.5 4 ) tex_common/lightclip 0 0 0 0.25 0.25 589568 0 0
( 130.5 194.5 4 ) ( 160 160 84 ) ( 125.5 189.5 4 ) tex_common/lightclip 0 0 0 0.25 0.25 589568 0 0
( 125.5 189.5 4 ) ( 160 160 84 ) ( 118.375 178.625 4 ) tex_common/lightclip 0 0 0 0.25 0.25 589568 0 0
( 118.375 178.625 4 ) ( 160 160 84 ) ( 116.125 173.25 4 ) tex_common/lightclip 0 0 0 0.25 0.25 589568 0 0
( 116.125 173.25 4 ) ( 160 160 84 ) ( 114.25 160 4 ) tex_common/lightclip 0 0 0 0.25 0.25 589568 0 0
( 114.25 160 4 ) ( 160 160 84 ) ( 114.625 153 4 ) tex_common/lightclip 0 0 0 0.25 0.25 589568 0 0
( 114.625 153 4 ) ( 160 160 84 ) ( 116.625 145.625 4 ) tex_common/lightclip 0 0 0 0.25 0.25 589568 0 0
( 116.625 145.625 4 ) ( 160 160 84 ) ( 123 133.375 4 ) tex_common/lightclip 0 0 0 0.25 0.25 589568 0 0
( 123 133.375 4 ) ( 160 160 84 ) ( 127.625 127.625 4 ) tex_common/lightclip 0 0 0 0.25 0.25 589568 0 0
( 127.625 127.625 4 ) ( 160 160 84 ) ( 133.375 123 4 ) tex_common/lightclip 0 0 0 0.25 0.25 589568 0 0
( 133.375 123 4 ) ( 160 160 84 ) ( 145.625 116.625 4 ) tex_common/lightclip 0 0 0 0.25 0.25 589568 0 0
( 145.625 116.625 4 ) ( 160 160 84 ) ( 153 114.625 4 ) tex_common/lightclip 0 0 0 0.25 0.25 589568 0 0
( 153 114.625 4 ) ( 160 160 84 ) ( 160 114.25 4 ) tex_common/lightclip 0 0 0 0.25 0.25 589568 0 0
( 160 114.25 4 ) ( 160 160 84 ) ( 173.25 116.125 4 ) tex_common/lightclip 0 0 0 0.25 0.25 589568 0 0
( 173.25 116.125 4 ) ( 160 160 84 ) ( 178.625 118.375 4 ) tex_common/lightclip 0 0 0 0.25 0.25 589568 0 0
( 178.625 118.375 4 ) ( 160 160 84 ) ( 189.5 125.5 4 ) tex_common/lightclip 0 0 0 0.25 0.25 589568 0 0
}
// brush 4
{
( 128 24 128 ) ( 128 -16 128 ) ( 128 -16 0 ) tex_common/actorclip 0 8 0 0.5 0.5 130816 0 0
( 192 -16 128 ) ( 192 24 128 ) ( 192 24 0 ) tex_common/actorclip 0 8 0 0.5 0.5 130816 0 0
( -16 128 88 ) ( 16 128 88 ) ( 16 128 16 ) tex_common/actorclip 0 8 0 0.5 0.5 130816 0 0
( 490 192 83 ) ( 484 192 83 ) ( 484 192 81 ) tex_common/actorclip 0 8 0 0.5 0.5 130816 0 0
( 1200 368 0 ) ( 1232 368 0 ) ( 1200 400 0 ) tex_common/actorclip 0 0 0 0.5 0.5 130816 0 0
( 1232 400 64 ) ( 1232 368 64 ) ( 1200 400 64 ) tex_common/actorclip 0 0 0 0.5 0.5 130816 0 0
}
}
// entity 1
{
"classname" "misc_model"
"spawnflags" "255"
"origin" "160 160 4"
"model" "models/objects/vegi/fir/fir.md2"
"skin" "1"
}
