// entity 0
{
"classname" "misc_model"
"origin" "32 32 68"
"skin" "1"
"spawnflags" "254"
"model" "models/objects/vegi/fir/fir.md2"
"modelscale_vec" "1.25 1.25 2.5"
}
// entity 1
{
"classname" "func_group"
// brush 0
{
( 64 64 160 ) ( 64 0 160 ) ( 0 64 160 ) tex_common/actorclip 0 0 0 0.25 0.25 130560 0 0
( 0 0 64 ) ( 64 0 64 ) ( 0 64 64 ) tex_common/actorclip 0 0 0 0.25 0.25 130560 0 0
( 64 32 0 ) ( 32 0 0 ) ( 64 32 128 ) tex_common/actorclip 0 0 0 0.25 0.25 130560 0 0
( 32 0 0 ) ( 0 32 0 ) ( 32 0 128 ) tex_common/actorclip 0 0 0 0.25 0.25 130560 0 0
( 0 32 0 ) ( 32 64 0 ) ( 0 32 128 ) tex_common/actorclip 0 0 0 0.25 0.25 130560 0 0
( 32 64 0 ) ( 64 32 0 ) ( 32 64 128 ) tex_common/actorclip 0 0 0 0.25 0.25 130560 0 0
}
// brush 1
{
( 32.5 31.5 260 ) ( 31.5 31.5 260 ) ( 31.5 32.5 260 ) tex_common/nodraw 0 0 0 0.25 0.25 0 128 0
( 38 38 68 ) ( 32.5 32.5 260 ) ( 31.5 32.5 260 ) tex_common/nodraw 0 0 0 0.25 0.25 0 128 0
( 38 26 68 ) ( 32.5 31.5 260 ) ( 32.5 32.5 260 ) tex_common/nodraw 0 0 0 0.25 0.25 0 128 0
( 38 38 68 ) ( 26 26 68 ) ( 38 26 68 ) tex_common/nodraw 0 0 0 0.25 0.25 0 128 0
( 38 26 68 ) ( 31.5 31.5 260 ) ( 32.5 31.5 260 ) tex_common/nodraw 0 0 0 0.25 0.25 0 128 0
( 26 38 68 ) ( 31.5 32.5 260 ) ( 31.5 31.5 260 ) tex_common/nodraw 0 0 0 0.25 0.25 0 128 0
}
// brush 2
{
( 14 -8 75 ) ( 50 72 75 ) ( 5 -2 75 ) tex_common/lightclip 0 0 0 0.25 0.25 589312 0 0
( 60 -1 75 ) ( 32 32 259 ) ( 65 4 75 ) tex_common/lightclip 0 0 0 0.25 0.25 589312 0 0
( 65 4 75 ) ( 32 32 259 ) ( 72 14 75 ) tex_common/lightclip 0 0 0 0.25 0.25 589312 0 0
( 72 14 75 ) ( 32 32 259 ) ( 74 26 75 ) tex_common/lightclip 0 0 0 0.25 0.25 589312 0 0
( 74 26 75 ) ( 32 32 259 ) ( 74 38 75 ) tex_common/lightclip 0 0 0 0.25 0.25 589312 0 0
( 74 38 75 ) ( 32 32 259 ) ( 72 50 75 ) tex_common/lightclip 0 0 0 0.25 0.25 589312 0 0
( 72 50 75 ) ( 32 32 259 ) ( 66 59 75 ) tex_common/lightclip 0 0 0 0.25 0.25 589312 0 0
( 66 59 75 ) ( 32 32 259 ) ( 59 66 75 ) tex_common/lightclip 0 0 0 0.25 0.25 589312 0 0
( 59 66 75 ) ( 32 32 259 ) ( 50 72 75 ) tex_common/lightclip 0 0 0 0.25 0.25 589312 0 0
( 50 72 75 ) ( 32 32 259 ) ( 38 74 75 ) tex_common/lightclip 0 0 0 0.25 0.25 589312 0 0
( 38 74 75 ) ( 32 32 259 ) ( 26 74 75 ) tex_common/lightclip 0 0 0 0.25 0.25 589312 0 0
( 26 74 75 ) ( 32 32 259 ) ( 14 72 75 ) tex_common/lightclip 0 0 0 0.25 0.25 589312 0 0
( 14 72 75 ) ( 32 32 259 ) ( 7 67 75 ) tex_common/lightclip 0 0 0 0.25 0.25 589312 0 0
( 7 67 75 ) ( 32 32 259 ) ( -3 57 75 ) tex_common/lightclip 0 0 0 0.25 0.25 589312 0 0
( -3 57 75 ) ( 32 32 259 ) ( -8 50 75 ) tex_common/lightclip 0 0 0 0.25 0.25 589312 0 0
( -8 50 75 ) ( 32 32 259 ) ( -10 38 75 ) tex_common/lightclip 0 0 0 0.25 0.25 589312 0 0
( -10 38 75 ) ( 32 32 259 ) ( -10 26 75 ) tex_common/lightclip 0 0 0 0.25 0.25 589312 0 0
( -10 26 75 ) ( 32 32 259 ) ( -8 14 75 ) tex_common/lightclip 0 0 0 0.25 0.25 589312 0 0
( -8 14 75 ) ( 32 32 259 ) ( -2 5 75 ) tex_common/lightclip 0 0 0 0.25 0.25 589312 0 0
( -2 5 75 ) ( 32 32 259 ) ( 5 -2 75 ) tex_common/lightclip 0 0 0 0.25 0.25 589312 0 0
( 5 -2 75 ) ( 32 32 259 ) ( 14 -8 75 ) tex_common/lightclip 0 0 0 0.25 0.25 589312 0 0
( 14 -8 75 ) ( 32 32 259 ) ( 26 -10 75 ) tex_common/lightclip 0 0 0 0.25 0.25 589312 0 0
( 26 -10 75 ) ( 32 32 259 ) ( 38 -10 75 ) tex_common/lightclip 0 0 0 0.25 0.25 589312 0 0
( 38 -10 75 ) ( 32 32 259 ) ( 50 -8 75 ) tex_common/lightclip 0 0 0 0.25 0.25 589312 0 0
( 50 -8 75 ) ( 32 32 259 ) ( 60 -1 75 ) tex_common/lightclip 0 0 0 0.25 0.25 589312 0 0
}
}
