// entity 0
{
"classname" "misc_model"
"origin" "28 28 68"
"skin" "1"
"spawnflags" "254"
"model" "models/objects/vegi/fir/fir.md2"
}
// entity 1
{
"classname" "func_group"
// brush 0
{
( 27.5 27.5 145 ) ( 28.5 26.5 145 ) ( 27.5 26.5 145 ) tex_common/nodraw 0 0 0 0.25 0.25 0 128 0
( 34 33 68 ) ( 28.5 27.5 145 ) ( 27.5 27.5 145 ) tex_common/nodraw 0 0 0 0.25 0.25 0 128 0
( 34 21 68 ) ( 28.5 26.5 145 ) ( 28.5 27.5 145 ) tex_common/nodraw 0 0 0 0.25 0.25 0 128 0
( 34 33 68 ) ( 22 21 68 ) ( 34 21 68 ) tex_common/nodraw 0 0 0 0.25 0.25 0 128 0
( 34 21 68 ) ( 27.5 26.5 145 ) ( 28.5 26.5 145 ) tex_common/nodraw 0 0 0 0.25 0.25 0 128 0
( 22 33 68 ) ( 27.5 27.5 145 ) ( 27.5 26.5 145 ) tex_common/nodraw 0 0 0 0.25 0.25 0 128 0
}
// brush 1
{
( 64 64 160 ) ( 64 0 160 ) ( 0 64 160 ) tex_common/actorclip 0 0 0 0.25 0.25 130560 0 0
( 815 -106 64 ) ( 815 -179 64 ) ( 820 -111 64 ) tex_common/actorclip 0 0 0 0.25 0.25 130560 0 0
( 32 0 128 ) ( 64 32 0 ) ( 32 0 0 ) tex_common/actorclip 0 0 0 0.25 0.25 130560 0 0
( 64 32 128 ) ( 32 64 0 ) ( 64 32 0 ) tex_common/actorclip 0 0 0 0.25 0.25 130560 0 0
( 32 64 128 ) ( 0 32 0 ) ( 32 64 0 ) tex_common/actorclip 0 0 0 0.25 0.25 130560 0 0
( 0 32 128 ) ( 32 0 0 ) ( 0 32 0 ) tex_common/actorclip 0 0 0 0.25 0.25 130560 0 0
}
// brush 2
{
( 10 -12 75 ) ( 46 68 75 ) ( 1 -6 75 ) tex_common/lightclip 0 0 0 0.25 0.25 589312 0 0
( 56 -5 75 ) ( 28 28 145 ) ( 61 0 75 ) tex_common/lightclip 0 0 0 0.25 0.25 589312 0 0
( 28 28 145 ) ( 68 10 75 ) ( 61 0 75 ) tex_common/lightclip 0 0 0 0.25 0.25 589312 0 0
( 70 22 75 ) ( 68 10 75 ) ( 28 28 145 ) tex_common/lightclip 0 0 0 0.25 0.25 589312 0 0
( 70 34 75 ) ( 70 22 75 ) ( 28 28 145 ) tex_common/lightclip 0 0 0 0.25 0.25 589312 0 0
( 68 46 75 ) ( 70 34 75 ) ( 28 28 145 ) tex_common/lightclip 0 0 0 0.25 0.25 589312 0 0
( 68 46 75 ) ( 28 28 145 ) ( 62 55 75 ) tex_common/lightclip 0 0 0 0.25 0.25 589312 0 0
( 28 28 145 ) ( 55 62 75 ) ( 62 55 75 ) tex_common/lightclip 0 0 0 0.25 0.25 589312 0 0
( 46 68 75 ) ( 55 62 75 ) ( 28 28 145 ) tex_common/lightclip 0 0 0 0.25 0.25 589312 0 0
( 46 68 75 ) ( 28 28 145 ) ( 34 70 75 ) tex_common/lightclip 0 0 0 0.25 0.25 589312 0 0
( 28 28 145 ) ( 22 70 75 ) ( 34 70 75 ) tex_common/lightclip 0 0 0 0.25 0.25 589312 0 0
( 10 68 75 ) ( 22 70 75 ) ( 28 28 145 ) tex_common/lightclip 0 0 0 0.25 0.25 589312 0 0
( 10 68 75 ) ( 28 28 145 ) ( 3 63 75 ) tex_common/lightclip 0 0 0 0.25 0.25 589312 0 0
( 28 28 145 ) ( -7 53 75 ) ( 3 63 75 ) tex_common/lightclip 0 0 0 0.25 0.25 589312 0 0
( -12 46 75 ) ( -7 53 75 ) ( 28 28 145 ) tex_common/lightclip 0 0 0 0.25 0.25 589312 0 0
( -12 46 75 ) ( 28 28 145 ) ( -14 34 75 ) tex_common/lightclip 0 0 0 0.25 0.25 589312 0 0
( 28 28 145 ) ( -14 22 75 ) ( -14 34 75 ) tex_common/lightclip 0 0 0 0.25 0.25 589312 0 0
( -12 10 75 ) ( -14 22 75 ) ( 28 28 145 ) tex_common/lightclip 0 0 0 0.25 0.25 589312 0 0
( -12 10 75 ) ( 28 28 145 ) ( -6 1 75 ) tex_common/lightclip 0 0 0 0.25 0.25 589312 0 0
( 28 28 145 ) ( 1 -6 75 ) ( -6 1 75 ) tex_common/lightclip 0 0 0 0.25 0.25 589312 0 0
( 10 -12 75 ) ( 1 -6 75 ) ( 28 28 145 ) tex_common/lightclip 0 0 0 0.25 0.25 589312 0 0
( 10 -12 75 ) ( 28 28 145 ) ( 22 -14 75 ) tex_common/lightclip 0 0 0 0.25 0.25 589312 0 0
( 28 28 145 ) ( 34 -14 75 ) ( 22 -14 75 ) tex_common/lightclip 0 0 0 0.25 0.25 589312 0 0
( 46 -12 75 ) ( 34 -14 75 ) ( 28 28 145 ) tex_common/lightclip 0 0 0 0.25 0.25 589312 0 0
( 46 -12 75 ) ( 28 28 145 ) ( 56 -5 75 ) tex_common/lightclip 0 0 0 0.25 0.25 589312 0 0
}
}
