
// entity 0
{
"classname" "misc_model"
"origin" "32 32 4"
"skin" "1"
"spawnflags" "255"
"model" "models/objects/vegi/fir/fir.md2"
"modelscale_vec" "1.25 1.25 2.5"
}
// entity 1
{
"classname" "func_group"
// brush 0
{
( 64 64 96 ) ( 64 0 96 ) ( 0 64 96 ) tex_common/actorclip 0 0 0 0.25 0.25 130816 0 0
( 0 0 0 ) ( 64 0 0 ) ( 0 64 0 ) tex_common/actorclip 0 0 0 0.25 0.25 130816 0 0
( 64 32 -64 ) ( 32 0 -64 ) ( 64 32 64 ) tex_common/actorclip 0 0 0 0.25 0.25 130816 0 0
( 32 0 -64 ) ( 0 32 -64 ) ( 32 0 64 ) tex_common/actorclip 0 0 0 0.25 0.25 130816 0 0
( 0 32 -64 ) ( 32 64 -64 ) ( 0 32 64 ) tex_common/actorclip 0 0 0 0.25 0.25 130816 0 0
( 32 64 -64 ) ( 64 32 -64 ) ( 32 64 64 ) tex_common/actorclip 0 0 0 0.25 0.25 130816 0 0
}
// brush 1
{
( 32.5 31.5 196 ) ( 31.5 31.5 196 ) ( 31.5 32.5 196 ) tex_common/nodraw 0 0 0 0.25 0.25 0 0 0
( 38 38 4 ) ( 32.5 32.5 196 ) ( 31.5 32.5 196 ) tex_common/nodraw 0 0 0 0.25 0.25 0 0 0
( 38 26 4 ) ( 32.5 31.5 196 ) ( 32.5 32.5 196 ) tex_common/nodraw 0 0 0 0.25 0.25 0 0 0
( 38 38 4 ) ( 26 26 4 ) ( 38 26 4 ) tex_common/nodraw 0 0 0 0.25 0.25 0 0 0
( 38 26 4 ) ( 31.5 31.5 196 ) ( 32.5 31.5 196 ) tex_common/nodraw 0 0 0 0.25 0.25 0 0 0
( 26 38 4 ) ( 31.5 32.5 196 ) ( 31.5 31.5 196 ) tex_common/nodraw 0 0 0 0.25 0.25 0 0 0
}
// brush 2
{
( 14 -8 11 ) ( 50 72 11 ) ( 5 -2 11 ) tex_common/lightclip 0 0 0 0.25 0.25 589568 0 0
( 60 -1 11 ) ( 32 32 195 ) ( 65 4 11 ) tex_common/lightclip 0 0 0 0.25 0.25 589568 0 0
( 65 4 11 ) ( 32 32 195 ) ( 72 14 11 ) tex_common/lightclip 0 0 0 0.25 0.25 589568 0 0
( 72 14 11 ) ( 32 32 195 ) ( 74 26 11 ) tex_common/lightclip 0 0 0 0.25 0.25 589568 0 0
( 74 26 11 ) ( 32 32 195 ) ( 74 38 11 ) tex_common/lightclip 0 0 0 0.25 0.25 589568 0 0
( 74 38 11 ) ( 32 32 195 ) ( 72 50 11 ) tex_common/lightclip 0 0 0 0.25 0.25 589568 0 0
( 72 50 11 ) ( 32 32 195 ) ( 66 59 11 ) tex_common/lightclip 0 0 0 0.25 0.25 589568 0 0
( 66 59 11 ) ( 32 32 195 ) ( 59 66 11 ) tex_common/lightclip 0 0 0 0.25 0.25 589568 0 0
( 59 66 11 ) ( 32 32 195 ) ( 50 72 11 ) tex_common/lightclip 0 0 0 0.25 0.25 589568 0 0
( 50 72 11 ) ( 32 32 195 ) ( 38 74 11 ) tex_common/lightclip 0 0 0 0.25 0.25 589568 0 0
( 38 74 11 ) ( 32 32 195 ) ( 26 74 11 ) tex_common/lightclip 0 0 0 0.25 0.25 589568 0 0
( 26 74 11 ) ( 32 32 195 ) ( 14 72 11 ) tex_common/lightclip 0 0 0 0.25 0.25 589568 0 0
( 14 72 11 ) ( 32 32 195 ) ( 7 67 11 ) tex_common/lightclip 0 0 0 0.25 0.25 589568 0 0
( 7 67 11 ) ( 32 32 195 ) ( -3 57 11 ) tex_common/lightclip 0 0 0 0.25 0.25 589568 0 0
( -3 57 11 ) ( 32 32 195 ) ( -8 50 11 ) tex_common/lightclip 0 0 0 0.25 0.25 589568 0 0
( -8 50 11 ) ( 32 32 195 ) ( -10 38 11 ) tex_common/lightclip 0 0 0 0.25 0.25 589568 0 0
( -10 38 11 ) ( 32 32 195 ) ( -10 26 11 ) tex_common/lightclip 0 0 0 0.25 0.25 589568 0 0
( -10 26 11 ) ( 32 32 195 ) ( -8 14 11 ) tex_common/lightclip 0 0 0 0.25 0.25 589568 0 0
( -8 14 11 ) ( 32 32 195 ) ( -2 5 11 ) tex_common/lightclip 0 0 0 0.25 0.25 589568 0 0
( -2 5 11 ) ( 32 32 195 ) ( 5 -2 11 ) tex_common/lightclip 0 0 0 0.25 0.25 589568 0 0
( 5 -2 11 ) ( 32 32 195 ) ( 14 -8 11 ) tex_common/lightclip 0 0 0 0.25 0.25 589568 0 0
( 14 -8 11 ) ( 32 32 195 ) ( 26 -10 11 ) tex_common/lightclip 0 0 0 0.25 0.25 589568 0 0
( 26 -10 11 ) ( 32 32 195 ) ( 38 -10 11 ) tex_common/lightclip 0 0 0 0.25 0.25 589568 0 0
( 38 -10 11 ) ( 32 32 195 ) ( 50 -8 11 ) tex_common/lightclip 0 0 0 0.25 0.25 589568 0 0
( 50 -8 11 ) ( 32 32 195 ) ( 60 -1 11 ) tex_common/lightclip 0 0 0 0.25 0.25 589568 0 0
}
}
