
// entity 0
{
"classname" "misc_model"
"origin" "28 28 4"
"skin" "1"
"spawnflags" "255"
"model" "models/objects/vegi/fir/fir.md2"
}
// entity 1
{
"classname" "func_group"
// brush 0
{
( 27.5 27.5 81 ) ( 28.5 26.5 81 ) ( 27.5 26.5 81 ) tex_common/nodraw 0 0 0 0.25 0.25 0 128 0
( 34 33 4 ) ( 28.5 27.5 81 ) ( 27.5 27.5 81 ) tex_common/nodraw 0 0 0 0.25 0.25 0 128 0
( 34 21 4 ) ( 28.5 26.5 81 ) ( 28.5 27.5 81 ) tex_common/nodraw 0 0 0 0.25 0.25 0 128 0
( 34 33 4 ) ( 22 21 4 ) ( 34 21 4 ) tex_common/nodraw 0 0 0 0.25 0.25 0 128 0
( 34 21 4 ) ( 27.5 26.5 81 ) ( 28.5 26.5 81 ) tex_common/nodraw 0 0 0 0.25 0.25 0 128 0
( 22 33 4 ) ( 27.5 27.5 81 ) ( 27.5 26.5 81 ) tex_common/nodraw 0 0 0 0.25 0.25 0 128 0
}
// brush 1
{
( 64 64 96 ) ( 64 0 96 ) ( 0 64 96 ) tex_common/actorclip 0 0 0 0.25 0.25 130816 0 0
( 815 -106 0 ) ( 815 -179 0 ) ( 820 -111 0 ) tex_common/actorclip 0 0 0 0.25 0.25 130816 0 0
( 32 0 64 ) ( 64 32 -64 ) ( 32 0 -64 ) tex_common/actorclip 0 0 0 0.25 0.25 130816 0 0
( 64 32 64 ) ( 32 64 -64 ) ( 64 32 -64 ) tex_common/actorclip 0 0 0 0.25 0.25 130816 0 0
( 32 64 64 ) ( 0 32 -64 ) ( 32 64 -64 ) tex_common/actorclip 0 0 0 0.25 0.25 130816 0 0
( 0 32 64 ) ( 32 0 -64 ) ( 0 32 -64 ) tex_common/actorclip 0 0 0 0.25 0.25 130816 0 0
}
// brush 2
{
( 10 -12 11 ) ( 46 68 11 ) ( 1 -6 11 ) tex_common/lightclip 0 0 0 0.25 0.25 589568 0 0
( 56 -5 11 ) ( 28 28 81 ) ( 61 0 11 ) tex_common/lightclip 0 0 0 0.25 0.25 589568 0 0
( 28 28 81 ) ( 68 10 11 ) ( 61 0 11 ) tex_common/lightclip 0 0 0 0.25 0.25 589568 0 0
( 70 22 11 ) ( 68 10 11 ) ( 28 28 81 ) tex_common/lightclip 0 0 0 0.25 0.25 589568 0 0
( 70 34 11 ) ( 70 22 11 ) ( 28 28 81 ) tex_common/lightclip 0 0 0 0.25 0.25 589568 0 0
( 68 46 11 ) ( 70 34 11 ) ( 28 28 81 ) tex_common/lightclip 0 0 0 0.25 0.25 589568 0 0
( 68 46 11 ) ( 28 28 81 ) ( 62 55 11 ) tex_common/lightclip 0 0 0 0.25 0.25 589568 0 0
( 28 28 81 ) ( 55 62 11 ) ( 62 55 11 ) tex_common/lightclip 0 0 0 0.25 0.25 589568 0 0
( 46 68 11 ) ( 55 62 11 ) ( 28 28 81 ) tex_common/lightclip 0 0 0 0.25 0.25 589568 0 0
( 46 68 11 ) ( 28 28 81 ) ( 34 70 11 ) tex_common/lightclip 0 0 0 0.25 0.25 589568 0 0
( 28 28 81 ) ( 22 70 11 ) ( 34 70 11 ) tex_common/lightclip 0 0 0 0.25 0.25 589568 0 0
( 10 68 11 ) ( 22 70 11 ) ( 28 28 81 ) tex_common/lightclip 0 0 0 0.25 0.25 589568 0 0
( 10 68 11 ) ( 28 28 81 ) ( 3 63 11 ) tex_common/lightclip 0 0 0 0.25 0.25 589568 0 0
( 28 28 81 ) ( -7 53 11 ) ( 3 63 11 ) tex_common/lightclip 0 0 0 0.25 0.25 589568 0 0
( -12 46 11 ) ( -7 53 11 ) ( 28 28 81 ) tex_common/lightclip 0 0 0 0.25 0.25 589568 0 0
( -12 46 11 ) ( 28 28 81 ) ( -14 34 11 ) tex_common/lightclip 0 0 0 0.25 0.25 589568 0 0
( 28 28 81 ) ( -14 22 11 ) ( -14 34 11 ) tex_common/lightclip 0 0 0 0.25 0.25 589568 0 0
( -12 10 11 ) ( -14 22 11 ) ( 28 28 81 ) tex_common/lightclip 0 0 0 0.25 0.25 589568 0 0
( -12 10 11 ) ( 28 28 81 ) ( -6 1 11 ) tex_common/lightclip 0 0 0 0.25 0.25 589568 0 0
( 28 28 81 ) ( 1 -6 11 ) ( -6 1 11 ) tex_common/lightclip 0 0 0 0.25 0.25 589568 0 0
( 10 -12 11 ) ( 1 -6 11 ) ( 28 28 81 ) tex_common/lightclip 0 0 0 0.25 0.25 589568 0 0
( 10 -12 11 ) ( 28 28 81 ) ( 22 -14 11 ) tex_common/lightclip 0 0 0 0.25 0.25 589568 0 0
( 28 28 81 ) ( 34 -14 11 ) ( 22 -14 11 ) tex_common/lightclip 0 0 0 0.25 0.25 589568 0 0
( 46 -12 11 ) ( 34 -14 11 ) ( 28 28 81 ) tex_common/lightclip 0 0 0 0.25 0.25 589568 0 0
( 46 -12 11 ) ( 28 28 81 ) ( 56 -5 11 ) tex_common/lightclip 0 0 0 0.25 0.25 589568 0 0
}
}
